#sourced from https://waterdata.usgs.gov/ca/nwis/dvstat?&site_no=11266500&agency_cd=USGS&por_11266500_9536=2208775,00060,9536&referred_module=sw&format=html_table

#
#
# US Geological Survey, Water Resources Data
# retrieved: 2021-03-20 13:04:09 EDT      (vaww01)
#
# This file contains USGS Surface-Water Daily Statistics
#
# Note:The statistics generated from  this site are based on approved daily-mean data and may not match those published by the USGS in official publications.
# The user is responsible for assessment and use of statistics from this site.
# For more details on why the statistics may not match, visit https://waterdata.usgs.gov/ca/nwis/?dv_statistics_disclaimer.
#
# ** No Incomplete data have been used for statistical calculation
#
# This file includes the following columns:
#
#
# agency_cd  agency code
# site_no    USGS site number
#
#
# Sites in this file include:
# USGS 11266500 MERCED R A POHONO BRIDGE NR YOSEMITE CA
# 
# Explanation of Parameter Code and ts_id used in the Statistics Data 
# parameter_cd	Parameter Name					ts_id	Location Name
# 00060		Discharge, cubic feet per second		9536	
#
# Data heading explanations.
# begin_yr_dt ... First complete water year of data of daily mean values for this day.
# end_yr_dt   ... Last complete water year of data of daily mean values for this day.
# max_va      ... Maximum of daily mean values for this day.
# min_va      ... Minimum of daily mean values for this day.
# mean_va     ... Mean of daily mean values for this day.
# p05_va      ... 05 percentile of daily mean values for this day.
# p10_va      ... 10 percentile of daily mean values for this day.
# p20_va      ... 20 percentile of daily mean values for this day.
# p25_va      ... 25 percentile of daily mean values for this day.
# p50_va      ... 50 percentile (median) of daily mean values for this day.
# p75_va      ... 75 percentile of daily mean values for this day.
# p80_va      ... 80 percentile of daily mean values for this day.
# p90_va      ... 90 percentile of daily mean values for this day.
# p95_va      ... 95 percentile of daily mean values for this day.
#
#
agency_cd	site_no	parameter_cd	ts_id	month_nu	day_nu	begin_yr	end_yr	count_nu	max_va_yr	max_va	min_va_yr	min_va	mean_va	p05_va	p10_va	p20_va	p25_va	p50_va	p75_va	p80_va	p90_va	p95_va
5s	15s	5s	11n	3n	3n	6n	6n	8n	5n	12s	5n	12s	12s	12s	12s	12s	12s	12s	12s	12s	12s	12s
USGS	11266500	00060	9536	1	1	1917	2020	104	1997	5730	1977	14.0	214	21	26	37	44	101	188	236	357	665
USGS	11266500	00060	9536	1	2	1917	2020	104	1997	21000	1991	17.0	358	21	26	40	45	102	202	223	323	723
USGS	11266500	00060	9536	1	3	1917	2020	104	1997	10300	1991	18.0	247	21	26	40	49	96	192	212	319	667
USGS	11266500	00060	9536	1	4	1917	2020	104	1997	6000	1977	18.0	203	21	24	41	51	100	189	207	312	624
USGS	11266500	00060	9536	1	5	1917	2020	104	1997	4700	1977	16.0	200	22	28	42	56	104	185	202	359	733
USGS	11266500	00060	9536	1	6	1917	2020	104	1997	3000	1977	16.0	177	21	28	42	58	103	179	190	341	625
USGS	11266500	00060	9536	1	7	1917	2020	104	1997	2000	1977	16.0	171	21	27	40	53	105	180	212	366	636
USGS	11266500	00060	9536	1	8	1917	2020	104	2017	4910	1977	16.0	210	21	26	41	56	114	180	242	351	597
USGS	11266500	00060	9536	1	9	1917	2020	104	2017	6990	1977	15.0	233	21	25	42	60	121	198	242	334	609
USGS	11266500	00060	9536	1	10	1917	2020	104	2017	2640	1977	15.0	193	22	25	41	59	127	204	258	396	581
USGS	11266500	00060	9536	1	11	1917	2020	104	2017	2020	1977	16.0	197	21	25	47	59	129	213	255	400	633
USGS	11266500	00060	9536	1	12	1917	2020	104	1980	2000	1977	16.0	202	21	26	45	59	132	208	260	390	561
USGS	11266500	00060	9536	1	13	1917	2020	104	1980	5500	1977	16.0	226	21	26	48	62	131	220	265	382	583
USGS	11266500	00060	9536	1	14	1917	2020	104	1980	3500	1977	16.0	204	21	25	47	59	131	234	260	380	600
USGS	11266500	00060	9536	1	15	1917	2020	104	1980	2500	1977	15.0	201	21	27	48	58	131	241	270	420	655
USGS	11266500	00060	9536	1	16	1917	2020	104	1980	1800	1977	15.0	213	22	29	49	59	133	234	291	425	766
USGS	11266500	00060	9536	1	17	1917	2020	104	1980	1500	1977	16.0	207	22	30	52	59	129	253	300	422	755
USGS	11266500	00060	9536	1	18	1917	2020	104	1980	1300	1977	16.0	206	23	29	56	62	133	272	298	450	759
USGS	11266500	00060	9536	1	19	1917	2020	104	1980	1100	1977	17.0	206	23	30	56	64	132	280	294	534	737
USGS	11266500	00060	9536	1	20	1917	2020	104	1980	1000	1977	17.0	197	23	31	59	64	136	264	282	526	698
USGS	11266500	00060	9536	1	21	1917	2020	104	1970	1520	1963	17.0	214	23	29	56	63	136	268	290	543	736
USGS	11266500	00060	9536	1	22	1917	2020	104	1970	1880	1963	17.0	218	23	28	58	64	135	253	278	546	767
USGS	11266500	00060	9536	1	23	1917	2020	104	1970	1200	1963	17.0	215	23	37	56	65	134	248	299	540	765
USGS	11266500	00060	9536	1	24	1917	2020	104	2009	1110	1963	17.0	209	23	36	57	67	138	265	290	559	699
USGS	11266500	00060	9536	1	25	1917	2020	104	1969	1340	1963	17.0	215	24	38	55	67	142	264	310	486	747
USGS	11266500	00060	9536	1	26	1917	2020	104	1969	1790	1963	17.0	218	24	40	59	71	138	263	332	505	610
USGS	11266500	00060	9536	1	27	1917	2020	104	1969	1100	1963	17.0	206	23	38	62	71	136	251	341	477	601
USGS	11266500	00060	9536	1	28	1917	2020	104	1997	957	1991	16.0	195	23	37	65	72	132	251	316	447	554
USGS	11266500	00060	9536	1	29	1917	2020	104	1997	917	1991	16.0	189	23	36	62	73	134	253	319	431	546
USGS	11266500	00060	9536	1	30	1917	2020	104	1997	873	1991	16.0	191	31	39	66	81	132	255	338	431	554
USGS	11266500	00060	9536	1	31	1917	2020	104	1963	3170	1991	16.0	216	32	49	64	76	137	269	344	447	513
USGS	11266500	00060	9536	2	1	1917	2020	104	1963	9900	1991	16.0	281	33	52	65	75	142	286	342	434	491
USGS	11266500	00060	9536	2	2	1917	2020	104	1963	2670	1991	17.0	236	35	50	69	73	147	298	333	438	502
USGS	11266500	00060	9536	2	3	1917	2020	104	1963	1700	1977	18.0	217	35	47	70	78	151	300	338	450	554
USGS	11266500	00060	9536	2	4	1917	2020	104	1963	1290	1991	17.0	213	36	51	72	78	152	294	322	430	605
USGS	11266500	00060	9536	2	5	1917	2020	104	1996	2100	1977	18.0	224	37	53	75	85	151	292	329	450	555
USGS	11266500	00060	9536	2	6	1917	2020	104	1996	1300	1977	17.0	227	38	53	80	90	164	287	366	476	583
USGS	11266500	00060	9536	2	7	1917	2020	104	2017	2340	1977	17.0	241	40	56	87	91	167	334	367	453	587
USGS	11266500	00060	9536	2	8	1917	2020	104	2017	5460	1977	17.0	271	41	53	87	98	174	324	362	452	573
USGS	11266500	00060	9536	2	9	1917	2020	104	2017	4890	1977	18.0	274	42	58	95	110	184	321	357	440	549
USGS	11266500	00060	9536	2	10	1917	2020	104	2017	3790	1977	18.0	254	46	64	107	114	182	298	367	432	569
USGS	11266500	00060	9536	2	11	1917	2020	104	2017	2460	1977	18.0	241	49	65	112	123	181	302	363	408	508
USGS	11266500	00060	9536	2	12	1917	2020	104	2017	1830	1977	18.0	236	46	70	112	120	186	306	351	430	497
USGS	11266500	00060	9536	2	13	1917	2020	104	2017	1550	1977	18.0	242	48	76	116	123	190	315	366	458	533
USGS	11266500	00060	9536	2	14	1917	2020	104	2019	1400	1977	17.0	268	47	78	118	127	186	362	393	507	672
USGS	11266500	00060	9536	2	15	1917	2020	104	1982	1440	1977	17.0	270	49	75	118	128	196	342	381	470	672
USGS	11266500	00060	9536	2	16	1917	2020	104	1982	4920	1977	18.0	296	51	77	116	132	200	336	355	478	777
USGS	11266500	00060	9536	2	17	1917	2020	104	1982	2550	1977	19.0	278	54	80	117	130	205	322	366	451	718
USGS	11266500	00060	9536	2	18	1917	2020	104	1986	2920	1977	20.0	295	58	84	120	132	211	314	354	464	715
USGS	11266500	00060	9536	2	19	1917	2020	104	1986	5050	1977	22.0	308	57	82	109	135	208	317	350	438	946
USGS	11266500	00060	9536	2	20	1917	2020	104	1986	2450	1991	22.0	287	59	80	110	133	221	303	358	459	1020
USGS	11266500	00060	9536	2	21	1917	2020	104	2017	1960	1991	22.0	278	60	82	113	134	218	287	330	460	843
USGS	11266500	00060	9536	2	22	1917	2020	104	2017	1500	1991	22.0	269	70	87	117	137	222	298	336	470	698
USGS	11266500	00060	9536	2	23	1917	2020	104	1982	1190	1991	23.0	263	67	83	117	137	227	309	349	457	654
USGS	11266500	00060	9536	2	24	1917	2020	104	1986	1130	1991	23.0	265	69	82	123	136	229	324	358	459	653
USGS	11266500	00060	9536	2	25	1917	2020	104	1986	1210	1991	23.0	268	67	87	122	140	230	329	362	491	648
USGS	11266500	00060	9536	2	26	1917	2020	104	1986	1250	1991	23.0	268	66	90	128	141	235	340	351	486	652
USGS	11266500	00060	9536	2	27	1917	2020	104	1986	1320	1991	24.0	277	67	89	122	146	234	358	374	505	692
USGS	11266500	00060	9536	2	28	1917	2020	104	2006	3150	1991	31.0	304	69	85	129	150	240	359	392	504	689
USGS	11266500	00060	9536	2	29	1920	2020	26	2016	661	1948	84.0	278	86	96	107	110	247	420	432	516	648
USGS	11266500	00060	9536	3	1	1917	2020	104	1986	1440	1977	39.0	296	73	89	131	146	245	371	389	495	738
USGS	11266500	00060	9536	3	2	1917	2020	104	1986	1420	1977	35.0	306	81	94	135	153	244	382	412	585	790
USGS	11266500	00060	9536	3	3	1917	2020	104	1986	1300	1977	36.0	304	83	102	135	156	255	369	388	602	817
USGS	11266500	00060	9536	3	4	1917	2020	104	1986	1380	1977	33.0	312	94	117	145	163	268	379	424	570	749
USGS	11266500	00060	9536	3	5	1917	2020	104	1986	1420	1977	32.0	321	96	124	149	176	271	390	430	576	746
USGS	11266500	00060	9536	3	6	1917	2020	104	2016	1620	1977	32.0	326	112	122	161	187	283	399	434	582	694
USGS	11266500	00060	9536	3	7	1917	2020	104	1986	1400	1977	33.0	325	113	127	158	184	292	405	430	568	694
USGS	11266500	00060	9536	3	8	1917	2020	104	1986	4940	1977	35.0	368	116	131	174	186	283	435	458	571	696
USGS	11266500	00060	9536	3	9	1917	2020	104	1986	2720	1977	42.0	380	118	133	174	189	276	465	527	620	829
USGS	11266500	00060	9536	3	10	1917	2020	104	1995	2550	1977	39.0	383	117	134	180	190	267	427	555	723	896
USGS	11266500	00060	9536	3	11	1917	2020	104	1995	1980	1977	43.0	374	119	144	176	195	286	430	570	729	886
USGS	11266500	00060	9536	3	12	1917	2020	104	1995	1400	1977	47.0	370	117	150	176	198	298	460	503	700	857
USGS	11266500	00060	9536	3	13	1917	2020	104	1986	1210	1977	44.0	385	120	150	187	198	307	497	584	721	1000
USGS	11266500	00060	9536	3	14	1917	2020	104	2017	1420	1977	39.0	396	129	147	186	200	325	553	610	740	994
USGS	11266500	00060	9536	3	15	1917	2020	104	2017	1670	1977	40.0	400	139	155	186	202	347	519	590	798	849
USGS	11266500	00060	9536	3	16	1917	2020	104	2017	1840	1977	40.0	426	136	157	190	207	358	551	600	765	1150
USGS	11266500	00060	9536	3	17	1917	2020	104	2017	2030	1977	36.0	444	131	159	207	226	347	557	575	827	1100
USGS	11266500	00060	9536	3	18	1917	2020	104	2017	2170	1977	35.0	454	145	166	210	233	359	538	612	824	1160
USGS	11266500	00060	9536	3	19	1917	2020	104	2017	2010	1977	37.0	470	155	171	221	238	392	593	634	930	1100
USGS	11266500	00060	9536	3	20	1917	2020	104	2017	1950	1977	37.0	485	146	185	217	238	415	614	650	948	1140
USGS	11266500	00060	9536	3	21	1917	2020	104	2017	2450	1977	44.0	509	144	192	234	241	421	637	688	983	1170
USGS	11266500	00060	9536	3	22	1917	2020	104	2018	3350	1977	66.0	544	139	186	236	266	456	662	738	974	1180
USGS	11266500	00060	9536	3	23	1917	2020	104	2004	2110	1977	100	535	150	185	250	282	472	699	756	932	1230
USGS	11266500	00060	9536	3	24	1917	2020	104	2004	1990	1977	93.0	548	160	195	251	286	501	693	739	1000	1290
USGS	11266500	00060	9536	3	25	1917	2020	104	1928	3980	1977	84.0	591	147	218	270	288	497	734	812	997	1490
USGS	11266500	00060	9536	3	26	1917	2020	104	1928	2970	1977	74.0	591	152	207	275	293	528	774	823	1060	1350
USGS	11266500	00060	9536	3	27	1917	2020	104	1928	2040	1977	82.0	596	153	231	289	302	579	783	813	1080	1280
USGS	11266500	00060	9536	3	28	1917	2020	104	1997	1650	1977	91.0	599	186	220	296	319	601	762	791	1070	1230
USGS	11266500	00060	9536	3	29	1917	2020	104	1986	1730	1977	76.0	611	174	217	304	344	578	768	845	1070	1330
USGS	11266500	00060	9536	3	30	1917	2020	104	2017	1980	1977	70.0	633	187	236	319	369	559	795	858	1100	1420
USGS	11266500	00060	9536	3	31	1917	2020	104	1986	2090	1977	63.0	658	226	295	355	387	583	819	845	1210	1440
USGS	11266500	00060	9536	4	1	1917	2020	104	1986	2120	1977	66.0	681	249	310	388	419	592	815	986	1240	1510
USGS	11266500	00060	9536	4	2	1917	2020	104	2017	2070	1977	59.0	699	254	308	398	440	651	835	936	1260	1440
USGS	11266500	00060	9536	4	3	1917	2020	104	2017	2510	1977	58.0	725	238	297	389	432	672	901	955	1280	1550
USGS	11266500	00060	9536	4	4	1917	2020	104	2017	2340	1977	70.0	757	240	301	421	466	682	997	1070	1300	1630
USGS	11266500	00060	9536	4	5	1917	2020	104	2017	2480	1977	126	794	253	298	418	470	677	1050	1120	1340	1840
USGS	11266500	00060	9536	4	6	1917	2020	104	2017	2730	2015	173	821	263	317	427	468	732	1040	1140	1410	1940
USGS	11266500	00060	9536	4	7	1917	2020	104	2018	9090	2015	175	915	280	346	445	488	733	1040	1250	1510	1880
USGS	11266500	00060	9536	4	8	1917	2020	104	2018	7150	2015	172	926	293	380	467	518	753	1050	1270	1700	1940
USGS	11266500	00060	9536	4	9	1917	2020	104	2018	4010	2015	223	906	283	400	476	551	784	1070	1140	1720	1940
USGS	11266500	00060	9536	4	10	1917	2020	104	2018	3320	2015	244	915	323	368	496	568	827	1120	1210	1690	1810
USGS	11266500	00060	9536	4	11	1917	2020	104	1982	8410	1975	267	1010	318	382	518	573	858	1190	1320	1720	2010
USGS	11266500	00060	9536	4	12	1917	2020	104	1982	6200	1948	272	1020	325	392	530	556	901	1230	1300	1750	1980
USGS	11266500	00060	9536	4	13	1917	2020	104	1982	3500	1976	278	1050	328	407	509	670	981	1290	1430	1840	2120
USGS	11266500	00060	9536	4	14	1917	2020	104	2002	2740	1976	290	1070	331	421	606	673	1010	1340	1490	1910	2170
USGS	11266500	00060	9536	4	15	1917	2020	104	2002	2950	2015	277	1110	353	468	618	700	1070	1410	1500	1890	2300
USGS	11266500	00060	9536	4	16	1917	2020	104	1925	3020	2015	235	1140	399	518	626	733	1100	1440	1570	1900	2160
USGS	11266500	00060	9536	4	17	1917	2020	104	1926	2820	2015	216	1160	405	522	685	745	1120	1450	1650	2010	2180
USGS	11266500	00060	9536	4	18	1917	2020	104	2017	4450	2015	224	1200	432	530	653	731	1080	1550	1680	2030	2240
USGS	11266500	00060	9536	4	19	1917	2020	104	2017	3230	2015	247	1210	429	516	695	746	1100	1600	1620	2240	2470
USGS	11266500	00060	9536	4	20	1917	2020	104	2019	2750	2015	247	1270	456	520	655	763	1120	1690	1830	2240	2550
USGS	11266500	00060	9536	4	21	1917	2020	104	1997	2780	2015	231	1340	462	513	693	758	1160	1880	1960	2350	2640
USGS	11266500	00060	9536	4	22	1917	2020	104	2017	3360	2015	220	1420	468	525	695	787	1250	1880	2060	2640	2830
USGS	11266500	00060	9536	4	23	1917	2020	104	2017	3680	2015	276	1450	494	558	755	823	1230	2010	2280	2730	2830
USGS	11266500	00060	9536	4	24	1917	2020	104	2017	3570	2015	355	1480	493	578	762	821	1270	2060	2190	2660	2880
USGS	11266500	00060	9536	4	25	1917	2020	104	2019	4420	2015	388	1500	510	581	772	800	1400	2020	2180	2620	2760
USGS	11266500	00060	9536	4	26	1917	2020	104	2019	4890	1975	426	1550	507	586	762	823	1450	2070	2150	2660	3080
USGS	11266500	00060	9536	4	27	1917	2020	104	2019	4790	1975	399	1610	493	620	780	954	1510	2150	2290	2820	3170
USGS	11266500	00060	9536	4	28	1917	2020	104	1943	4810	1976	343	1700	482	646	850	939	1590	2320	2420	2850	3180
USGS	11266500	00060	9536	4	29	1917	2020	104	2019	4380	1976	370	1710	558	694	876	995	1630	2350	2470	2950	3360
USGS	11266500	00060	9536	4	30	1917	2020	104	1995	5130	1977	385	1770	594	721	940	1030	1610	2350	2670	3080	3620
USGS	11266500	00060	9536	5	1	1917	2020	104	1995	5880	1977	395	1860	601	739	1000	1120	1650	2340	2790	3220	3650
USGS	11266500	00060	9536	5	2	1917	2020	104	2017	5320	1977	367	1920	632	729	952	1110	1750	2520	2880	3290	3890
USGS	11266500	00060	9536	5	3	1917	2020	104	2017	6170	1977	345	1990	630	776	998	1110	1820	2640	2960	3440	3580
USGS	11266500	00060	9536	5	4	1917	2020	104	2017	7100	1977	273	2070	626	784	1040	1130	1930	2800	3000	3430	4020
USGS	11266500	00060	9536	5	5	1917	2020	104	2017	7540	1977	251	2110	615	790	1090	1280	1920	2800	2970	3680	3960
USGS	11266500	00060	9536	5	6	1917	2020	104	2017	6790	1977	223	2130	612	765	1110	1340	2010	2830	3100	3500	4110
USGS	11266500	00060	9536	5	7	1917	2020	104	2017	5010	1977	198	2130	591	795	1140	1320	2030	2860	2990	3730	4270
USGS	11266500	00060	9536	5	8	1917	2020	104	1969	4790	1977	205	2150	602	852	1150	1240	2000	2860	3100	3620	4560
USGS	11266500	00060	9536	5	9	1917	2020	104	1969	5300	1977	230	2170	630	952	1170	1270	1980	3020	3090	3510	4280
USGS	11266500	00060	9536	5	10	1917	2020	104	2017	5820	1977	247	2160	671	978	1280	1370	2020	2690	2960	3630	4190
USGS	11266500	00060	9536	5	11	1917	2020	104	2017	6080	1977	253	2170	815	980	1190	1420	1950	2760	3100	3790	4240
USGS	11266500	00060	9536	5	12	1917	2020	104	2017	5690	1977	256	2240	735	998	1240	1380	1970	3000	3210	4030	4400
USGS	11266500	00060	9536	5	13	1917	2020	104	1969	5760	1977	271	2300	860	973	1310	1390	2050	3000	3450	4060	4660
USGS	11266500	00060	9536	5	14	1917	2020	104	1938	6120	1977	304	2390	845	1070	1270	1390	2110	3240	3440	4270	4710
USGS	11266500	00060	9536	5	15	1917	2020	104	1938	7240	2015	384	2430	828	1060	1330	1430	2210	3230	3610	4190	4720
USGS	11266500	00060	9536	5	16	1917	2020	104	1996	9760	2015	367	2540	801	1080	1330	1430	2290	3350	3580	3960	5340
USGS	11266500	00060	9536	5	17	1917	2020	104	2006	6460	1977	349	2510	801	1020	1340	1440	2280	3510	3700	4320	5290
USGS	11266500	00060	9536	5	18	1917	2020	104	2006	6440	1977	324	2530	753	1070	1310	1400	2230	3510	3730	4360	5090
USGS	11266500	00060	9536	5	19	1917	2020	104	2006	6730	1977	300	2520	699	989	1290	1540	2350	3300	3460	4280	5050
USGS	11266500	00060	9536	5	20	1917	2020	104	2006	6560	2015	345	2510	728	879	1210	1430	2380	3400	3570	4310	5040
USGS	11266500	00060	9536	5	21	1917	2020	104	2005	6190	2015	375	2510	670	853	1170	1370	2230	3580	3750	4330	5220
USGS	11266500	00060	9536	5	22	1917	2020	104	1969	6310	1934	518	2500	640	808	1210	1360	2190	3610	4000	4710	5200
USGS	11266500	00060	9536	5	23	1917	2020	104	1969	6720	1934	496	2520	654	770	1040	1300	2090	3680	3840	4700	5700
USGS	11266500	00060	9536	5	24	1917	2020	104	1969	6810	1934	424	2550	648	764	1160	1330	2260	3550	3800	4970	5840
USGS	11266500	00060	9536	5	25	1917	2020	104	1969	6760	1934	376	2580	647	753	1090	1370	2210	3550	3810	4980	5760
USGS	11266500	00060	9536	5	26	1917	2020	104	1983	7130	1934	403	2580	660	729	1180	1300	2340	3520	4040	4560	5460
USGS	11266500	00060	9536	5	27	1917	2020	104	1983	7580	1977	379	2600	617	719	1160	1360	2340	3620	3920	4780	5700
USGS	11266500	00060	9536	5	28	1917	2020	104	1983	8000	1934	352	2590	594	793	1150	1290	2250	3760	4010	4710	5810
USGS	11266500	00060	9536	5	29	1917	2020	104	1983	8320	1924	431	2520	536	820	1140	1250	2200	3460	3950	4790	5450
USGS	11266500	00060	9536	5	30	1917	2020	104	1983	8180	1924	399	2430	537	797	1090	1210	2070	3300	3570	4850	5610
USGS	11266500	00060	9536	5	31	1917	2020	104	1983	7510	1924	382	2450	565	737	1070	1240	2100	3230	3480	5310	5750
USGS	11266500	00060	9536	6	1	1917	2020	104	1969	7450	1934	326	2430	599	723	890	1190	2010	3180	3400	5140	5920
USGS	11266500	00060	9536	6	2	1917	2020	104	1938	7640	1934	278	2400	525	698	926	1140	2070	3290	3620	4940	5540
USGS	11266500	00060	9536	6	3	1917	2020	104	1969	7260	1934	250	2370	495	672	850	1160	2080	3200	3490	4830	5410
USGS	11266500	00060	9536	6	4	1917	2020	104	1938	7840	1934	258	2390	451	655	945	1160	2000	3230	3610	4760	5600
USGS	11266500	00060	9536	6	5	1917	2020	104	1938	6500	1934	270	2410	431	626	900	1050	2070	3320	3700	5200	5800
USGS	11266500	00060	9536	6	6	1917	2020	104	1969	6220	1924	260	2370	428	602	801	1080	2050	3280	3500	5290	5890
USGS	11266500	00060	9536	6	7	1917	2020	104	1983	6450	1924	228	2320	386	577	758	1040	2040	3210	3620	4880	5620
USGS	11266500	00060	9536	6	8	1917	2020	104	1983	6510	1924	196	2270	341	555	716	1020	2100	3230	3450	4730	5140
USGS	11266500	00060	9536	6	9	1917	2020	104	1983	6460	1924	187	2230	334	538	850	972	2020	3110	3530	4380	5020
USGS	11266500	00060	9536	6	10	1917	2020	104	1983	6790	1924	138	2180	361	506	816	899	1950	3170	3320	4480	4900
USGS	11266500	00060	9536	6	11	1917	2020	104	1983	7700	1924	121	2140	359	480	797	833	1860	3350	3550	4080	4680
USGS	11266500	00060	9536	6	12	1917	2020	104	1983	7020	1924	118	2080	343	454	672	752	1870	3220	3500	3990	4410
USGS	11266500	00060	9536	6	13	1917	2020	104	1995	5890	1924	114	2030	322	437	673	709	1760	3120	3280	3940	4760
USGS	11266500	00060	9536	6	14	1917	2020	104	1983	6240	1924	110	2010	305	383	636	748	1670	2910	3230	4120	4950
USGS	11266500	00060	9536	6	15	1917	2020	104	1983	6910	1924	106	1980	284	327	604	717	1600	2900	3220	4110	4770
USGS	11266500	00060	9536	6	16	1917	2020	104	1983	7270	1924	101	1970	277	330	615	685	1500	2920	3460	4130	4540
USGS	11266500	00060	9536	6	17	1917	2020	104	1983	7680	1924	96.0	1870	278	334	565	659	1420	2660	3220	3990	4690
USGS	11266500	00060	9536	6	18	1917	2020	104	1983	7780	1924	91.0	1810	269	294	550	596	1410	2630	3000	3820	5060
USGS	11266500	00060	9536	6	19	1917	2020	104	1983	6960	1924	88.0	1790	227	271	511	576	1390	2680	3140	3710	5150
USGS	11266500	00060	9536	6	20	1917	2020	104	1983	6060	1924	85.0	1750	201	265	520	536	1410	2550	2910	3730	5020
USGS	11266500	00060	9536	6	21	1917	2020	104	2011	5760	1924	82.0	1700	197	252	458	518	1380	2500	2860	3540	5200
USGS	11266500	00060	9536	6	22	1917	2020	104	1983	6120	1924	79.0	1660	193	257	427	469	1280	2460	2670	3420	5150
USGS	11266500	00060	9536	6	23	1917	2020	104	1983	6610	1924	77.0	1600	164	246	403	447	1180	2380	2790	3230	4960
USGS	11266500	00060	9536	6	24	1917	2020	104	1983	6440	1924	75.0	1520	151	231	365	418	1090	2100	2730	3100	4820
USGS	11266500	00060	9536	6	25	1917	2020	104	1995	6290	1924	73.0	1440	148	252	339	392	1070	1940	2520	3010	4610
USGS	11266500	00060	9536	6	26	1917	2020	104	1983	6200	1924	71.0	1380	144	236	324	380	983	1820	2410	2930	4310
USGS	11266500	00060	9536	6	27	1917	2020	104	1983	5930	1924	69.0	1340	134	221	296	359	958	1730	2350	2970	4150
USGS	11266500	00060	9536	6	28	1917	2020	104	1995	6020	1924	67.0	1300	129	212	272	365	940	1700	2000	2930	4210
USGS	11266500	00060	9536	6	29	1917	2020	104	1995	5930	1924	65.0	1250	125	212	264	360	877	1610	2000	2710	4800
USGS	11266500	00060	9536	6	30	1917	2020	104	1995	6040	1924	67.0	1190	123	190	272	328	804	1680	1860	2470	3910
USGS	11266500	00060	9536	7	1	1917	2020	104	1967	5920	1924	69.0	1140	119	170	240	307	796	1620	1840	2510	3560
USGS	11266500	00060	9536	7	2	1917	2020	104	1967	5770	1924	72.0	1120	114	162	231	284	720	1580	1870	2440	3830
USGS	11266500	00060	9536	7	3	1917	2020	104	1983	5760	1924	75.0	1060	114	167	198	260	670	1500	1770	2320	3840
USGS	11266500	00060	9536	7	4	1917	2020	104	1983	5890	1924	75.0	999	110	154	203	253	614	1420	1620	2210	3760
USGS	11266500	00060	9536	7	5	1917	2020	104	1983	6410	1924	73.0	966	104	140	198	236	608	1350	1510	2170	3750
USGS	11266500	00060	9536	7	6	1917	2020	104	1983	6400	1924	70.0	937	89	129	209	226	565	1350	1560	2030	3310
USGS	11266500	00060	9536	7	7	1917	2020	104	1983	5770	1924	67.0	901	83	122	186	213	521	1230	1500	2010	3270
USGS	11266500	00060	9536	7	8	1917	2020	104	1995	5140	2015	61.1	847	78	117	175	202	494	1120	1510	2020	2970
USGS	11266500	00060	9536	7	9	1917	2020	104	1995	6300	2015	60.5	805	72	113	177	201	451	1030	1370	1930	2700
USGS	11266500	00060	9536	7	10	1917	2020	104	1995	5410	1931	54.0	757	76	109	167	213	443	983	1250	1820	2530
USGS	11266500	00060	9536	7	11	1917	2020	104	1995	4070	1931	52.0	706	70	105	163	201	416	915	1160	1750	2370
USGS	11266500	00060	9536	7	12	1917	2020	104	1983	3830	1931	49.0	676	66	103	163	190	399	939	1130	1660	2150
USGS	11266500	00060	9536	7	13	1917	2020	104	1983	4080	1931	47.0	664	65	99	154	185	412	897	1010	1520	2060
USGS	11266500	00060	9536	7	14	1917	2020	104	1983	4170	1931	45.0	651	62	89	150	176	411	876	1020	1410	2030
USGS	11266500	00060	9536	7	15	1917	2020	104	1983	3930	1931	42.0	626	59	86	144	170	407	856	947	1410	1950
USGS	11266500	00060	9536	7	16	1917	2020	104	1983	3430	1931	41.0	603	69	89	133	160	401	807	930	1430	1850
USGS	11266500	00060	9536	7	17	1917	2020	104	1995	3350	1931	38.0	575	66	89	127	157	354	787	873	1400	1640
USGS	11266500	00060	9536	7	18	1917	2020	104	1995	3420	1931	36.0	539	64	84	128	153	303	700	904	1310	1500
USGS	11266500	00060	9536	7	19	1917	2020	104	1998	2890	1931	36.0	512	61	81	112	140	314	688	864	1270	1520
USGS	11266500	00060	9536	7	20	1917	2020	104	1998	2700	1931	35.0	488	57	77	112	140	297	624	780	1270	1500
USGS	11266500	00060	9536	7	21	1917	2020	104	1998	2870	1931	32.0	478	60	75	118	135	275	608	735	1240	1630
USGS	11266500	00060	9536	7	22	1917	2020	104	1998	2750	1931	30.0	449	57	71	109	122	282	565	708	1200	1430
USGS	11266500	00060	9536	7	23	1917	2020	104	1998	2430	1931	28.0	432	53	68	102	114	252	522	667	1180	1700
USGS	11266500	00060	9536	7	24	1917	2020	104	1998	2250	1931	29.0	410	51	67	94	105	231	514	658	1100	1360
USGS	11266500	00060	9536	7	25	1917	2020	104	1956	2120	1931	29.0	398	52	65	92	99	213	485	642	1080	1230
USGS	11266500	00060	9536	7	26	1917	2020	104	1983	1850	1931	29.0	389	47	68	92	101	195	441	595	1110	1700
USGS	11266500	00060	9536	7	27	1917	2020	104	1983	1800	1977	26.0	366	43	64	86	94	192	413	514	1120	1570
USGS	11266500	00060	9536	7	28	1917	2020	104	1995	2030	1977	24.0	337	42	66	79	84	185	378	474	1020	1180
USGS	11266500	00060	9536	7	29	1917	2020	104	1995	2190	1977	23.0	327	41	62	73	84	178	366	435	959	1170
USGS	11266500	00060	9536	7	30	1917	2020	104	1995	2320	1977	22.0	316	40	56	72	81	179	366	431	833	1230
USGS	11266500	00060	9536	7	31	1917	2020	104	1983	2000	1977	21.0	301	44	53	68	82	155	340	431	766	1080
USGS	11266500	00060	9536	8	1	1917	2020	104	1983	1900	1977	19.0	283	43	51	64	79	151	353	423	730	928
USGS	11266500	00060	9536	8	2	1917	2020	104	1983	1770	1977	19.0	258	42	48	61	75	149	324	397	630	791
USGS	11266500	00060	9536	8	3	1917	2020	104	1983	1690	1977	21.0	240	41	47	61	70	138	284	351	591	758
USGS	11266500	00060	9536	8	4	1917	2020	104	1983	1490	1931	19.0	225	39	45	59	68	134	268	323	551	711
USGS	11266500	00060	9536	8	5	1917	2020	104	1995	1390	1924	24.0	211	37	43	56	64	129	254	298	510	686
USGS	11266500	00060	9536	8	6	1917	2020	104	1995	1380	1977	22.0	208	35	43	55	59	121	269	293	483	638
USGS	11266500	00060	9536	8	7	1917	2020	104	1983	1300	1977	20.0	196	33	42	51	56	113	259	337	483	614
USGS	11266500	00060	9536	8	8	1917	2020	104	1983	1390	1977	18.0	186	32	41	50	53	103	249	319	450	569
USGS	11266500	00060	9536	8	9	1917	2020	104	1983	1580	1977	17.0	179	30	39	48	52	102	230	266	430	575
USGS	11266500	00060	9536	8	10	1917	2020	104	1983	1720	1977	16.0	174	29	39	46	52	93	207	274	399	545
USGS	11266500	00060	9536	8	11	1917	2020	104	1983	1270	1977	15.0	165	28	38	43	51	90	189	258	396	514
USGS	11266500	00060	9536	8	12	1917	2020	104	1983	1030	1977	15.0	156	27	37	42	49	87	181	232	378	536
USGS	11266500	00060	9536	8	13	1917	2020	104	1983	933	1977	14.0	146	26	36	41	46	82	175	220	338	452
USGS	11266500	00060	9536	8	14	1917	2020	104	1983	997	1977	13.0	140	26	35	44	47	78	169	213	306	414
USGS	11266500	00060	9536	8	15	1917	2020	104	1983	1350	1977	12.0	144	24	34	44	46	80	165	209	291	479
USGS	11266500	00060	9536	8	16	1917	2020	104	1983	1420	1977	11.0	143	23	33	42	45	76	160	191	285	604
USGS	11266500	00060	9536	8	17	1917	2020	104	1983	1010	1977	11.0	135	22	32	40	43	74	158	195	281	511
USGS	11266500	00060	9536	8	18	1917	2020	104	1967	902	1977	12.0	128	22	31	39	44	70	147	180	268	412
USGS	11266500	00060	9536	8	19	1917	2020	104	1983	1260	1977	11.0	120	21	30	38	42	69	141	156	282	350
USGS	11266500	00060	9536	8	20	1917	2020	104	1983	1150	1977	12.0	111	21	28	36	39	68	133	147	242	327
USGS	11266500	00060	9536	8	21	1917	2020	104	1983	849	1977	13.0	103	20	28	36	38	66	127	141	226	311
USGS	11266500	00060	9536	8	22	1917	2020	104	1983	710	1977	12.0	98	20	29	35	38	64	117	138	212	283
USGS	11266500	00060	9536	8	23	1917	2020	104	1995	695	1977	12.0	97	19	28	34	37	61	107	133	197	257
USGS	11266500	00060	9536	8	24	1917	2020	104	1982	807	1977	11.0	96	18	27	33	35	60	102	130	191	251
USGS	11266500	00060	9536	8	25	1917	2020	104	1967	739	1977	11.0	93	18	26	32	34	59	100	130	180	265
USGS	11266500	00060	9536	8	26	1917	2020	104	1967	749	1977	12.0	88	17	25	31	32	56	97	127	184	268
USGS	11266500	00060	9536	8	27	1917	2020	104	1967	485	1977	12.0	81	17	24	30	31	52	99	119	172	260
USGS	11266500	00060	9536	8	28	1917	2020	104	1967	371	1977	12.0	78	16	25	29	30	52	103	113	161	274
USGS	11266500	00060	9536	8	29	1917	2020	104	1983	341	1977	11.0	76	16	24	28	30	52	97	115	165	283
USGS	11266500	00060	9536	8	30	1917	2020	104	1983	332	1977	11.0	73	15	23	27	29	50	94	109	153	253
USGS	11266500	00060	9536	8	31	1917	2020	104	1983	660	1977	10.0	75	15	23	27	29	49	99	108	152	237
USGS	11266500	00060	9536	9	1	1917	2020	104	1983	840	1977	9.60	75	14	23	26	27	47	94	101	142	217
USGS	11266500	00060	9536	9	2	1917	2020	104	1983	734	1977	9.40	71	14	22	25	27	46	87	98	139	212
USGS	11266500	00060	9536	9	3	1917	2020	104	1983	564	1977	9.10	67	14	21	24	26	45	82	93	131	189
USGS	11266500	00060	9536	9	4	1917	2020	104	1995	468	1977	8.70	67	14	21	24	25	42	80	91	136	172
USGS	11266500	00060	9536	9	5	1917	2020	104	1978	1450	1977	8.30	84	14	21	23	25	41	81	94	161	260
USGS	11266500	00060	9536	9	6	1917	2020	104	1978	2290	1977	8.10	95	14	20	23	25	41	78	91	150	325
USGS	11266500	00060	9536	9	7	1917	2020	104	1978	1560	1977	7.70	79	13	19	22	24	40	78	89	140	265
USGS	11266500	00060	9536	9	8	1917	2020	104	1978	924	1977	7.60	72	13	19	22	24	38	73	91	133	273
USGS	11266500	00060	9536	9	9	1917	2020	104	1978	553	1977	7.20	68	13	18	22	24	38	72	86	130	222
USGS	11266500	00060	9536	9	10	1917	2020	104	1998	1160	1977	7.20	74	13	18	22	23	37	71	80	130	202
USGS	11266500	00060	9536	9	11	1917	2020	104	1978	752	1977	7.50	65	13	18	21	22	38	70	84	126	196
USGS	11266500	00060	9536	9	12	1917	2020	104	1976	622	1977	7.20	64	12	18	21	21	36	67	78	131	214
USGS	11266500	00060	9536	9	13	1917	2020	104	1978	380	1977	6.90	57	12	18	20	21	36	67	76	120	221
USGS	11266500	00060	9536	9	14	1917	2020	104	1978	343	1977	6.90	55	12	17	20	21	35	65	83	110	195
USGS	11266500	00060	9536	9	15	1917	2020	104	1978	358	1977	6.60	55	12	17	20	21	34	62	80	112	179
USGS	11266500	00060	9536	9	16	1917	2020	104	1978	302	1977	7.10	51	12	16	20	20	33	60	71	104	173
USGS	11266500	00060	9536	9	17	1917	2020	104	1978	253	1977	8.40	48	12	16	20	21	33	59	68	97	151
USGS	11266500	00060	9536	9	18	1917	2020	104	1983	245	1977	7.70	47	12	15	19	20	32	60	67	103	147
USGS	11266500	00060	9536	9	19	1917	2020	104	1959	1640	1977	8.20	61	11	15	18	20	32	56	66	103	157
USGS	11266500	00060	9536	9	20	1917	2020	104	1959	794	1977	8.90	51	11	15	19	20	31	53	66	100	141
USGS	11266500	00060	9536	9	21	1917	2020	104	1959	398	1977	8.20	46	11	15	18	20	32	51	65	104	137
USGS	11266500	00060	9536	9	22	1917	2020	104	1959	312	1977	6.90	46	10	15	18	19	31	51	62	96	136
USGS	11266500	00060	9536	9	23	1917	2020	104	1959	281	1977	6.40	45	11	14	18	20	30	54	63	98	128
USGS	11266500	00060	9536	9	24	1917	2020	104	1983	265	1977	6.20	45	12	15	18	19	29	51	58	95	151
USGS	11266500	00060	9536	9	25	1917	2020	104	1982	1410	1977	6.10	55	12	14	17	19	29	49	58	95	141
USGS	11266500	00060	9536	9	26	1917	2020	104	1982	3660	1977	5.90	77	11	14	17	18	28	47	53	107	137
USGS	11266500	00060	9536	9	27	1917	2020	104	1982	1260	1977	5.80	54	11	14	17	18	28	46	55	102	161
USGS	11266500	00060	9536	9	28	1917	2020	104	1982	635	1977	5.80	51	12	14	16	18	27	47	54	108	158
USGS	11266500	00060	9536	9	29	1917	2020	104	1918	1150	1977	5.80	59	12	14	16	18	26	44	54	103	197
USGS	11266500	00060	9536	9	30	1917	2020	104	1918	1270	1977	5.90	61	12	14	16	18	26	44	52	95	264
USGS	11266500	00060	9536	10	1	1917	2021	105	1919	1880	1978	6.40	69	12	14	16	18	25	48	54	111	275
USGS	11266500	00060	9536	10	2	1917	2021	105	1919	2000	1978	6.40	70	12	14	16	18	26	47	55	123	248
USGS	11266500	00060	9536	10	3	1917	2021	105	1919	970	1978	6.20	58	12	14	16	18	26	45	53	112	256
USGS	11266500	00060	9536	10	4	1917	2021	105	1919	601	1978	6.10	54	12	14	17	18	27	46	60	114	239
USGS	11266500	00060	9536	10	5	1917	2021	105	1919	414	1978	6.10	53	12	14	17	18	27	47	66	142	202
USGS	11266500	00060	9536	10	6	1917	2021	105	1919	380	1978	6.10	51	12	14	17	18	27	48	63	137	204
USGS	11266500	00060	9536	10	7	1917	2021	105	1919	300	1978	6.10	51	12	14	17	18	27	55	65	132	202
USGS	11266500	00060	9536	10	8	1917	2021	105	1984	357	1978	5.90	51	12	14	16	18	27	56	65	127	222
USGS	11266500	00060	9536	10	9	1917	2021	105	1984	319	1978	5.80	50	12	14	16	17	28	51	61	123	217
USGS	11266500	00060	9536	10	10	1917	2021	105	2012	290	1978	5.80	49	12	14	16	18	28	52	61	112	194
USGS	11266500	00060	9536	10	11	1917	2021	105	2012	632	1978	5.70	55	12	14	16	18	29	56	70	111	189
USGS	11266500	00060	9536	10	12	1917	2021	105	2012	537	1978	5.60	53	12	14	16	18	29	56	67	114	184
USGS	11266500	00060	9536	10	13	1917	2021	105	2012	398	1978	5.60	50	13	14	16	18	30	54	64	123	178
USGS	11266500	00060	9536	10	14	1917	2021	105	2010	1540	1978	5.60	62	13	14	16	17	31	56	71	116	174
USGS	11266500	00060	9536	10	15	1917	2021	105	2010	664	1978	5.60	57	13	14	16	17	31	54	66	119	244
USGS	11266500	00060	9536	10	16	1917	2021	105	1970	608	1978	5.60	65	13	13	16	17	30	59	73	151	283
USGS	11266500	00060	9536	10	17	1917	2021	105	2017	1120	1978	5.60	71	13	13	16	18	29	57	70	154	315
USGS	11266500	00060	9536	10	18	1917	2021	105	2010	488	1978	5.60	60	12	14	16	18	31	56	71	150	249
USGS	11266500	00060	9536	10	19	1917	2021	105	2010	506	1978	5.50	57	12	13	16	18	31	55	70	144	193
USGS	11266500	00060	9536	10	20	1917	2021	105	2010	447	1978	5.60	57	12	13	16	18	32	55	81	141	182
USGS	11266500	00060	9536	10	21	1917	2021	105	2010	316	1978	5.60	53	12	13	17	18	31	59	84	133	179
USGS	11266500	00060	9536	10	22	1917	2021	105	1917	285	1978	5.60	51	12	14	17	19	32	58	80	122	163
USGS	11266500	00060	9536	10	23	1917	2021	105	1983	367	1978	5.60	53	12	14	17	19	32	60	90	131	153
USGS	11266500	00060	9536	10	24	1917	2021	105	2011	788	1978	5.60	65	12	13	17	20	31	59	91	137	238
USGS	11266500	00060	9536	10	25	1917	2021	105	2011	4030	1978	5.50	109	12	13	17	20	32	61	86	128	275
USGS	11266500	00060	9536	10	26	1917	2021	105	1983	2820	1978	5.40	96	12	14	18	20	32	71	88	173	266
USGS	11266500	00060	9536	10	27	1917	2021	105	1983	1170	1978	6.50	82	12	14	18	20	32	75	94	167	276
USGS	11266500	00060	9536	10	28	1917	2021	105	2017	2050	1978	6.60	88	12	14	18	20	33	76	94	145	272
USGS	11266500	00060	9536	10	29	1917	2020	104	2017	1570	1978	6.60	85	13	14	20	21	36	83	103	159	355
USGS	11266500	00060	9536	10	30	1917	2020	104	1946	2740	1978	6.40	119	14	15	20	21	36	89	104	185	337
USGS	11266500	00060	9536	10	31	1917	2020	104	2017	1980	1978	6.30	101	14	16	20	21	37	85	101	191	330
USGS	11266500	00060	9536	11	1	1917	2020	104	2017	1070	1978	6.40	85	14	16	20	22	38	87	97	191	289
USGS	11266500	00060	9536	11	2	1917	2020	104	2009	894	1978	6.40	91	14	16	20	22	39	88	110	213	433
USGS	11266500	00060	9536	11	3	1917	2020	104	2017	559	1978	6.40	90	14	16	21	22	38	94	112	231	428
USGS	11266500	00060	9536	11	4	1917	2020	104	1983	498	1978	6.40	81	14	16	21	22	38	98	105	222	325
USGS	11266500	00060	9536	11	5	1917	2020	104	1983	454	1978	12.0	78	14	16	21	22	38	104	130	178	281
USGS	11266500	00060	9536	11	6	1917	2020	104	1995	928	1978	11.0	86	14	17	21	22	38	110	131	199	336
USGS	11266500	00060	9536	11	7	1917	2020	104	1995	485	1989	12.0	79	13	17	21	22	38	118	137	176	293
USGS	11266500	00060	9536	11	8	1917	2020	104	2003	1570	1978	11.0	93	13	18	21	22	39	114	147	186	287
USGS	11266500	00060	9536	11	9	1917	2020	104	2003	1780	1978	10.0	98	14	18	21	23	38	126	140	216	298
USGS	11266500	00060	9536	11	10	1917	2020	104	1928	800	1978	10.0	96	13	18	21	23	41	124	149	236	374
USGS	11266500	00060	9536	11	11	1917	2020	104	1974	2540	1978	10.0	115	14	18	21	26	44	115	157	230	337
USGS	11266500	00060	9536	11	12	1917	2020	104	1974	3180	1978	10.0	121	14	18	22	26	44	119	152	233	329
USGS	11266500	00060	9536	11	13	1917	2020	104	1974	1140	1978	10.0	104	16	18	25	27	45	123	152	233	339
USGS	11266500	00060	9536	11	14	1917	2020	104	1982	2140	1978	10.0	113	17	19	25	27	46	129	167	217	341
USGS	11266500	00060	9536	11	15	1917	2020	104	1964	1110	1978	10.0	107	18	19	25	27	46	123	161	228	406
USGS	11266500	00060	9536	11	16	1917	2020	104	1974	522	1978	9.40	101	18	19	26	27	49	143	159	265	410
USGS	11266500	00060	9536	11	17	1917	2020	104	2018	1440	1978	9.70	124	18	20	26	29	53	147	172	308	438
USGS	11266500	00060	9536	11	18	1917	2020	104	1951	6600	1978	9.80	193	18	20	26	28	51	141	156	322	678
USGS	11266500	00060	9536	11	19	1917	2020	104	1951	11000	1978	9.70	219	18	19	26	29	53	135	159	297	542
USGS	11266500	00060	9536	11	20	1917	2020	104	1951	8500	1978	9.50	194	18	21	26	30	55	142	162	270	419
USGS	11266500	00060	9536	11	21	1917	2020	104	1951	7500	1930	14.0	175	18	21	26	31	58	131	161	252	370
USGS	11266500	00060	9536	11	22	1917	2020	104	1951	3600	1930	14.0	150	18	23	27	31	57	137	165	243	337
USGS	11266500	00060	9536	11	23	1917	2020	104	1951	1920	1930	14.0	132	18	24	28	32	56	144	166	263	492
USGS	11266500	00060	9536	11	24	1917	2020	104	1951	1420	1930	14.0	135	18	23	27	32	59	150	161	309	543
USGS	11266500	00060	9536	11	25	1917	2020	104	1951	1100	1930	14.0	122	18	23	28	32	61	147	178	292	375
USGS	11266500	00060	9536	11	26	1917	2020	104	1951	900	1930	14.0	115	19	22	27	34	61	151	172	279	348
USGS	11266500	00060	9536	11	27	1917	2020	104	1951	800	1930	14.0	112	18	22	27	33	61	149	169	275	361
USGS	11266500	00060	9536	11	28	1917	2020	104	1951	750	1930	13.0	113	18	21	30	33	61	146	181	264	352
USGS	11266500	00060	9536	11	29	1917	2020	104	1967	900	1930	13.0	116	18	21	30	32	66	150	177	273	368
USGS	11266500	00060	9536	11	30	1917	2020	104	1951	875	1930	13.0	116	18	21	29	32	68	148	186	268	394
USGS	11266500	00060	9536	12	1	1917	2020	104	1951	806	1930	13.0	114	18	21	30	34	72	147	187	260	331
USGS	11266500	00060	9536	12	2	1917	2020	104	2013	1090	1929	14.0	130	18	21	30	33	69	168	201	279	419
USGS	11266500	00060	9536	12	3	1917	2020	104	1951	6980	1930	14.0	213	18	21	30	34	74	172	191	311	459
USGS	11266500	00060	9536	12	4	1917	2020	104	1951	4500	1930	14.0	160	18	21	30	34	83	154	184	266	398
USGS	11266500	00060	9536	12	5	1917	2020	104	1951	1900	1930	14.0	135	18	21	31	37	80	146	179	286	459
USGS	11266500	00060	9536	12	6	1917	2020	104	1967	3620	1930	14.0	170	18	20	30	36	81	141	173	305	472
USGS	11266500	00060	9536	12	7	1917	2020	104	1951	4830	1929	14.0	170	18	22	31	34	82	143	161	285	425
USGS	11266500	00060	9536	12	8	1917	2020	104	1951	6740	1929	14.0	176	18	21	30	34	83	139	171	279	391
USGS	11266500	00060	9536	12	9	1917	2020	104	1951	2840	1929	14.0	138	18	22	30	34	80	145	170	280	409
USGS	11266500	00060	9536	12	10	1917	2020	104	1938	3030	1929	16.0	161	18	22	31	38	83	148	166	280	527
USGS	11266500	00060	9536	12	11	1917	2020	104	1938	16000	1977	16.0	291	18	23	31	40	82	153	160	254	672
USGS	11266500	00060	9536	12	12	1917	2020	104	1938	6420	1929	16.0	198	18	23	33	40	83	155	169	265	659
USGS	11266500	00060	9536	12	13	1917	2020	104	1938	3000	1977	15.0	157	18	23	32	41	85	153	166	274	484
USGS	11266500	00060	9536	12	14	1917	2020	104	1951	1610	1977	15.0	138	18	23	31	41	81	153	164	254	510
USGS	11266500	00060	9536	12	15	1917	2020	104	1951	1320	1977	15.0	142	18	24	35	47	86	157	175	255	533
USGS	11266500	00060	9536	12	16	1917	2020	104	2017	2740	1977	15.0	155	18	24	35	49	85	154	165	300	511
USGS	11266500	00060	9536	12	17	1917	2020	104	2017	997	1977	15.0	132	19	25	35	48	85	154	171	256	485
USGS	11266500	00060	9536	12	18	1917	2020	104	1951	905	1977	14.0	128	21	26	38	49	83	146	167	255	446
USGS	11266500	00060	9536	12	19	1917	2020	104	2011	1540	1977	14.0	137	22	26	38	49	80	153	161	268	447
USGS	11266500	00060	9536	12	20	1917	2020	104	2011	1150	1977	14.0	144	23	27	39	50	84	159	164	327	523
USGS	11266500	00060	9536	12	21	1917	2020	104	2011	951	1977	14.0	142	21	25	38	48	85	163	172	359	474
USGS	11266500	00060	9536	12	22	1917	2020	104	1956	4960	1977	14.0	205	21	26	40	52	91	164	188	442	706
USGS	11266500	00060	9536	12	23	1917	2020	104	1956	18000	1977	14.0	436	21	26	39	51	92	167	218	428	633
USGS	11266500	00060	9536	12	24	1917	2020	104	1965	11600	1977	14.0	304	21	26	38	48	96	177	200	415	626
USGS	11266500	00060	9536	12	25	1917	2020	104	1965	4620	1977	13.0	221	23	28	37	50	93	185	222	369	640
USGS	11266500	00060	9536	12	26	1917	2020	104	1965	2340	1977	13.0	186	22	27	38	49	91	181	196	357	558
USGS	11266500	00060	9536	12	27	1917	2020	104	1965	1780	1977	14.0	179	21	26	39	49	97	185	206	393	549
USGS	11266500	00060	9536	12	28	1917	2020	104	1956	1360	1977	14.0	171	21	26	39	47	94	188	199	403	715
USGS	11266500	00060	9536	12	29	1917	2020	104	1965	1090	1977	13.0	171	21	26	39	48	90	187	211	444	723
USGS	11266500	00060	9536	12	30	1917	2020	104	1984	1180	1977	14.0	173	21	27	38	47	86	196	217	433	622
USGS	11266500	00060	9536	12	31	1917	2020	104	2006	3620	1977	14.0	202	21	26	38	46	90	195	266	399	786

